denominasi = {
    'IDR': [100000, 50000, 20000, 10000, 5000, 2000, 1000, 500, 200, 100, 50, 25, 20, 10, 5, 2, 1],
    'AUD': [100, 50, 20, 10, 5, 2, 1, 0.5, 0.2, 0.1, 0.05],
    'INR': [2000, 1000, 500, 200, 100, 50, 20, 10, 5, 2, 1],
    'RMB': [100, 50, 20, 10, 5, 1, 0.5, 0.1],
    'EUR': [500, 200, 100, 50, 20, 10, 5, 2, 1, 0.5, 0.2, 0.1, 0.05, 0.02, 0.01],
    'GBP': [50, 20, 10, 5, 2, 1, 0.5, 0.2],
    'KRW': [10000, 5000, 1000, 500, 100, 50, 10, 5, 1],
    'USD': [100, 50, 20, 10, 5, 1, 0.5, 0.25, 0.1, 0.05, 0.01],
    'MYR': [100, 50, 20, 10, 5, 1, 0.5, 0.2, 0.1, 0.05, 0.01],
    'SGD': [1000, 500, 200, 100, 50, 20, 10, 5, 1, 0.5, 0.2, 0.1, 0.05],
}


denominasi = {
    'IDR': [100000, 75000, 50000, 20000, 10000, 5000, 2000, 1000],
    'AUD': [100, 50, 20, 10, 5, 2, 1],
    'INR': [2000, 1000, 500, 200, 100, 50, 20, 10, 5, 2, 1],
    'CNY': [100, 50, 20, 10, 5, 1],
    'EUR': [500, 200, 100, 50, 20, 10, 5, 2, 1],
    'GBP': [50, 20, 10, 5, 2, 1],
    'KRW': [10000, 5000, 1000, 500, 100, 50, 10],
    'USD': [100, 50, 20, 10, 5, 1],
    'MYR': [100, 50, 20, 10, 5, 1],
    'SGD': [1000, 500, 200, 100, 50, 10],
}